{
 "cells": [
  {
   "cell_type": "markdown",
   "metadata": {},
   "source": [
    "자산배분은 상관관계가 낮거나 반대 방향인 우상향하는 자산군에 분산 투자하는 것입니다. 그러므로, 자산군 과거 수익률에서 상관관계를 체크해야 합니다. 대표적으로 주식, 국채, 물가채, 회사채, 금, 원자재, 부동산(리츠) 정도가 많이 다뤄지므로 이들의 상관관계를 보겠습니다."
   ]
  },
  {
   "cell_type": "code",
   "execution_count": 1,
   "metadata": {},
   "outputs": [
    {
     "name": "stderr",
     "output_type": "stream",
     "text": [
      "C:\\ProgramData\\Anaconda3\\lib\\site-packages\\pyfolio\\pos.py:27: UserWarning: Module \"zipline.assets\" not found; mutltipliers will not be applied to position notionals.\n",
      "  'Module \"zipline.assets\" not found; mutltipliers will not be applied' +\n"
     ]
    }
   ],
   "source": [
    "import pandas as pd\n",
    "import pandas_datareader.data as web\n",
    "import datetime\n",
    "import backtrader as bt\n",
    "import numpy as np\n",
    "%matplotlib inline\n",
    "import matplotlib.pyplot as plt\n",
    "import pyfolio as pf\n",
    "import quantstats\n",
    "plt.rcParams[\"figure.figsize\"] = (10, 6) # (w, h)"
   ]
  },
  {
   "cell_type": "markdown",
   "metadata": {},
   "source": [
    "VTSMX (미국 주식), VTMGX (선진국 주식), VEIEX (신흥국 주식), PGBIX (전세계 채권), VFITX (미국 중기 국채), VUSTX (미국 장기 국채), LQD (미국 회사채), TIP (미국 물가채), IAU (금), GSG (원자재), VGSIX (부동산 - 리츠)를 사용하여 체크하겠습니다. 기간은 GSG 데이터가 2006년 7월 21부터 구해지므로, 2006. 08. 01 ~ 2021. 02. 12로 하겠습니다."
   ]
  },
  {
   "cell_type": "code",
   "execution_count": 2,
   "metadata": {},
   "outputs": [],
   "source": [
    "start = '2006-08-01'\n",
    "end = '2021-02-12'\n",
    "\n",
    "vtsmx = web.DataReader(\"VTSMX\", 'yahoo', start, end)['Adj Close'].to_frame(\"vtsmx\")\n",
    "vtmgx = web.DataReader(\"VTMGX\", 'yahoo', start, end)['Adj Close'].to_frame(\"vtmgx\")\n",
    "veiex = web.DataReader(\"VEIEX\", 'yahoo', start, end)['Adj Close'].to_frame(\"veiex\")\n",
    "pgbix = web.DataReader(\"PGBIX\", 'yahoo', start, end)['Adj Close'].to_frame(\"pgbix\")\n",
    "vfitx = web.DataReader(\"VFITX\", 'yahoo', start, end)['Adj Close'].to_frame(\"vfitx\")\n",
    "vustx = web.DataReader(\"VUSTX\", 'yahoo', start, end)['Adj Close'].to_frame(\"vustx\")\n",
    "lqd = web.DataReader(\"LQD\", 'yahoo', start, end)['Adj Close'].to_frame(\"lqd\")\n",
    "tip = web.DataReader(\"TIP\", 'yahoo', start, end)['Adj Close'].to_frame(\"tip\")\n",
    "iau = web.DataReader(\"IAU\", 'yahoo', start, end)['Adj Close'].to_frame(\"iau\")\n",
    "gsg = web.DataReader(\"GSG\", 'yahoo', start, end)['Adj Close'].to_frame(\"gsg\")\n",
    "vgsix = web.DataReader(\"VGSIX\", 'yahoo', start, end)['Adj Close'].to_frame(\"vgsix\")"
   ]
  },
  {
   "cell_type": "code",
   "execution_count": 3,
   "metadata": {},
   "outputs": [],
   "source": [
    "df_list = [vtsmx, vtmgx, veiex, pgbix, vfitx, vustx, lqd, tip, iau, gsg, vgsix]\n",
    "ticker_list = ['vtsmx', 'vtmgx', 'veiex', 'pgbix', 'vfitx', 'vustx', 'lqd', 'tip', 'iau', 'gsg', 'vgsix']"
   ]
  },
  {
   "cell_type": "code",
   "execution_count": 4,
   "metadata": {},
   "outputs": [],
   "source": [
    "return_list = []\n",
    "\n",
    "for df in df_list:\n",
    "    df_return_list = []\n",
    "    \n",
    "    for i in range(len(df)-1):\n",
    "        return_cal = (df.iloc[i+1,0]-df.iloc[i,0])/df.iloc[i,0]\n",
    "        df_return_list.append(return_cal)\n",
    "    \n",
    "    # 맨 앞 날짜는 값 없음\n",
    "    df_return_list.insert(0, np.nan)\n",
    "    \n",
    "    return_list.append(df_return_list)"
   ]
  },
  {
   "cell_type": "code",
   "execution_count": 5,
   "metadata": {},
   "outputs": [],
   "source": [
    "return_dict = {}\n",
    "\n",
    "for i in range(len(ticker_list)):\n",
    "    return_dict[ticker_list[i]] = return_list[i]"
   ]
  },
  {
   "cell_type": "code",
   "execution_count": 6,
   "metadata": {},
   "outputs": [],
   "source": [
    "return_df = pd.DataFrame(dict([ (k, pd.Series(v)) for k,v in return_dict.items() ]))"
   ]
  },
  {
   "cell_type": "code",
   "execution_count": 8,
   "metadata": {},
   "outputs": [
    {
     "data": {
      "text/html": [
       "<div>\n",
       "<style scoped>\n",
       "    .dataframe tbody tr th:only-of-type {\n",
       "        vertical-align: middle;\n",
       "    }\n",
       "\n",
       "    .dataframe tbody tr th {\n",
       "        vertical-align: top;\n",
       "    }\n",
       "\n",
       "    .dataframe thead th {\n",
       "        text-align: right;\n",
       "    }\n",
       "</style>\n",
       "<table border=\"1\" class=\"dataframe\">\n",
       "  <thead>\n",
       "    <tr style=\"text-align: right;\">\n",
       "      <th></th>\n",
       "      <th>vtsmx</th>\n",
       "      <th>vtmgx</th>\n",
       "      <th>veiex</th>\n",
       "      <th>pgbix</th>\n",
       "      <th>vfitx</th>\n",
       "      <th>vustx</th>\n",
       "      <th>lqd</th>\n",
       "      <th>tip</th>\n",
       "      <th>iau</th>\n",
       "      <th>gsg</th>\n",
       "      <th>vgsix</th>\n",
       "    </tr>\n",
       "  </thead>\n",
       "  <tbody>\n",
       "    <tr>\n",
       "      <th>vtsmx</th>\n",
       "      <td>1.000000</td>\n",
       "      <td>0.893402</td>\n",
       "      <td>0.842409</td>\n",
       "      <td>-0.127828</td>\n",
       "      <td>-0.388724</td>\n",
       "      <td>-0.417488</td>\n",
       "      <td>0.140530</td>\n",
       "      <td>-0.200674</td>\n",
       "      <td>0.033117</td>\n",
       "      <td>0.450034</td>\n",
       "      <td>0.787547</td>\n",
       "    </tr>\n",
       "    <tr>\n",
       "      <th>vtmgx</th>\n",
       "      <td>0.893402</td>\n",
       "      <td>1.000000</td>\n",
       "      <td>0.885186</td>\n",
       "      <td>-0.126535</td>\n",
       "      <td>-0.332871</td>\n",
       "      <td>-0.374225</td>\n",
       "      <td>0.170749</td>\n",
       "      <td>-0.123178</td>\n",
       "      <td>0.135953</td>\n",
       "      <td>0.490766</td>\n",
       "      <td>0.684306</td>\n",
       "    </tr>\n",
       "    <tr>\n",
       "      <th>veiex</th>\n",
       "      <td>0.842409</td>\n",
       "      <td>0.885186</td>\n",
       "      <td>1.000000</td>\n",
       "      <td>-0.118212</td>\n",
       "      <td>-0.340970</td>\n",
       "      <td>-0.353041</td>\n",
       "      <td>0.164499</td>\n",
       "      <td>-0.129440</td>\n",
       "      <td>0.131034</td>\n",
       "      <td>0.500417</td>\n",
       "      <td>0.650429</td>\n",
       "    </tr>\n",
       "    <tr>\n",
       "      <th>pgbix</th>\n",
       "      <td>-0.127828</td>\n",
       "      <td>-0.126535</td>\n",
       "      <td>-0.118212</td>\n",
       "      <td>1.000000</td>\n",
       "      <td>0.486672</td>\n",
       "      <td>0.461462</td>\n",
       "      <td>0.352464</td>\n",
       "      <td>0.449804</td>\n",
       "      <td>0.100816</td>\n",
       "      <td>-0.084958</td>\n",
       "      <td>-0.096076</td>\n",
       "    </tr>\n",
       "    <tr>\n",
       "      <th>vfitx</th>\n",
       "      <td>-0.388724</td>\n",
       "      <td>-0.332871</td>\n",
       "      <td>-0.340970</td>\n",
       "      <td>0.486672</td>\n",
       "      <td>1.000000</td>\n",
       "      <td>0.835349</td>\n",
       "      <td>0.380042</td>\n",
       "      <td>0.684878</td>\n",
       "      <td>0.183520</td>\n",
       "      <td>-0.210122</td>\n",
       "      <td>-0.235033</td>\n",
       "    </tr>\n",
       "    <tr>\n",
       "      <th>vustx</th>\n",
       "      <td>-0.417488</td>\n",
       "      <td>-0.374225</td>\n",
       "      <td>-0.353041</td>\n",
       "      <td>0.461462</td>\n",
       "      <td>0.835349</td>\n",
       "      <td>1.000000</td>\n",
       "      <td>0.435645</td>\n",
       "      <td>0.676696</td>\n",
       "      <td>0.167712</td>\n",
       "      <td>-0.262773</td>\n",
       "      <td>-0.231023</td>\n",
       "    </tr>\n",
       "    <tr>\n",
       "      <th>lqd</th>\n",
       "      <td>0.140530</td>\n",
       "      <td>0.170749</td>\n",
       "      <td>0.164499</td>\n",
       "      <td>0.352464</td>\n",
       "      <td>0.380042</td>\n",
       "      <td>0.435645</td>\n",
       "      <td>1.000000</td>\n",
       "      <td>0.454938</td>\n",
       "      <td>0.119341</td>\n",
       "      <td>0.075980</td>\n",
       "      <td>0.115284</td>\n",
       "    </tr>\n",
       "    <tr>\n",
       "      <th>tip</th>\n",
       "      <td>-0.200674</td>\n",
       "      <td>-0.123178</td>\n",
       "      <td>-0.129440</td>\n",
       "      <td>0.449804</td>\n",
       "      <td>0.684878</td>\n",
       "      <td>0.676696</td>\n",
       "      <td>0.454938</td>\n",
       "      <td>1.000000</td>\n",
       "      <td>0.248624</td>\n",
       "      <td>0.016008</td>\n",
       "      <td>-0.131733</td>\n",
       "    </tr>\n",
       "    <tr>\n",
       "      <th>iau</th>\n",
       "      <td>0.033117</td>\n",
       "      <td>0.135953</td>\n",
       "      <td>0.131034</td>\n",
       "      <td>0.100816</td>\n",
       "      <td>0.183520</td>\n",
       "      <td>0.167712</td>\n",
       "      <td>0.119341</td>\n",
       "      <td>0.248624</td>\n",
       "      <td>1.000000</td>\n",
       "      <td>0.265323</td>\n",
       "      <td>0.026426</td>\n",
       "    </tr>\n",
       "    <tr>\n",
       "      <th>gsg</th>\n",
       "      <td>0.450034</td>\n",
       "      <td>0.490766</td>\n",
       "      <td>0.500417</td>\n",
       "      <td>-0.084958</td>\n",
       "      <td>-0.210122</td>\n",
       "      <td>-0.262773</td>\n",
       "      <td>0.075980</td>\n",
       "      <td>0.016008</td>\n",
       "      <td>0.265323</td>\n",
       "      <td>1.000000</td>\n",
       "      <td>0.297317</td>\n",
       "    </tr>\n",
       "    <tr>\n",
       "      <th>vgsix</th>\n",
       "      <td>0.787547</td>\n",
       "      <td>0.684306</td>\n",
       "      <td>0.650429</td>\n",
       "      <td>-0.096076</td>\n",
       "      <td>-0.235033</td>\n",
       "      <td>-0.231023</td>\n",
       "      <td>0.115284</td>\n",
       "      <td>-0.131733</td>\n",
       "      <td>0.026426</td>\n",
       "      <td>0.297317</td>\n",
       "      <td>1.000000</td>\n",
       "    </tr>\n",
       "  </tbody>\n",
       "</table>\n",
       "</div>"
      ],
      "text/plain": [
       "          vtsmx     vtmgx     veiex     pgbix     vfitx     vustx       lqd  \\\n",
       "vtsmx  1.000000  0.893402  0.842409 -0.127828 -0.388724 -0.417488  0.140530   \n",
       "vtmgx  0.893402  1.000000  0.885186 -0.126535 -0.332871 -0.374225  0.170749   \n",
       "veiex  0.842409  0.885186  1.000000 -0.118212 -0.340970 -0.353041  0.164499   \n",
       "pgbix -0.127828 -0.126535 -0.118212  1.000000  0.486672  0.461462  0.352464   \n",
       "vfitx -0.388724 -0.332871 -0.340970  0.486672  1.000000  0.835349  0.380042   \n",
       "vustx -0.417488 -0.374225 -0.353041  0.461462  0.835349  1.000000  0.435645   \n",
       "lqd    0.140530  0.170749  0.164499  0.352464  0.380042  0.435645  1.000000   \n",
       "tip   -0.200674 -0.123178 -0.129440  0.449804  0.684878  0.676696  0.454938   \n",
       "iau    0.033117  0.135953  0.131034  0.100816  0.183520  0.167712  0.119341   \n",
       "gsg    0.450034  0.490766  0.500417 -0.084958 -0.210122 -0.262773  0.075980   \n",
       "vgsix  0.787547  0.684306  0.650429 -0.096076 -0.235033 -0.231023  0.115284   \n",
       "\n",
       "            tip       iau       gsg     vgsix  \n",
       "vtsmx -0.200674  0.033117  0.450034  0.787547  \n",
       "vtmgx -0.123178  0.135953  0.490766  0.684306  \n",
       "veiex -0.129440  0.131034  0.500417  0.650429  \n",
       "pgbix  0.449804  0.100816 -0.084958 -0.096076  \n",
       "vfitx  0.684878  0.183520 -0.210122 -0.235033  \n",
       "vustx  0.676696  0.167712 -0.262773 -0.231023  \n",
       "lqd    0.454938  0.119341  0.075980  0.115284  \n",
       "tip    1.000000  0.248624  0.016008 -0.131733  \n",
       "iau    0.248624  1.000000  0.265323  0.026426  \n",
       "gsg    0.016008  0.265323  1.000000  0.297317  \n",
       "vgsix -0.131733  0.026426  0.297317  1.000000  "
      ]
     },
     "execution_count": 8,
     "metadata": {},
     "output_type": "execute_result"
    }
   ],
   "source": [
    "return_df.corr(method = 'pearson')"
   ]
  },
  {
   "cell_type": "markdown",
   "metadata": {},
   "source": [
    "미국 주식(VTSMX), 선진국 주식(VTMGX), 신흥국 주식(VEIEX)는 상관계수가 0.8 이상으로 크기 때문에 각자가 자산군 수준에서 분산 효과를 내기보다는 주식이라는 자산군 안에서 지역 분산을 위해 적절한 비중으로 나누는 것을 생각할 수 있습니다. 전세계 채권(PGBIX), 미국 중기 국채(VFITX), 미국 장기 국채(VUSTX) 세 가지는 주식과 상관관계가 작고, 특히 전세계 채권과 미국 국채 상관계수도 0.487로 어느 정도 분산 효과가 있어 보입니다. 미국 회사채(LQD)는 포함된 다른 모든 자산군과의 상관계수가 0.5 이하로 분산 효과가 좋습니다. 미국 물가채(TIP)는 미국 국채와 상관계수가 높으나 금리 인상 등에 대비하여 추가합니다. 금(IAU)과 원자재(GSG)는 인플레이션 대비 목적이 있고, 서로 상관관계가 낮은 편입니다. 부동산(VGSIX)은 리츠 회사 주식으로 이루어져 있어서인지 적당한 수준의 인플레이션에 강하다고 알려져 있으나 주식 시장과 상관관계가 매우 높은 편입니다."
   ]
  }
 ],
 "metadata": {
  "kernelspec": {
   "display_name": "Python 3",
   "language": "python",
   "name": "python3"
  },
  "language_info": {
   "codemirror_mode": {
    "name": "ipython",
    "version": 3
   },
   "file_extension": ".py",
   "mimetype": "text/x-python",
   "name": "python",
   "nbconvert_exporter": "python",
   "pygments_lexer": "ipython3",
   "version": "3.7.6"
  }
 },
 "nbformat": 4,
 "nbformat_minor": 4
}
